-1.1906219 2.178148
-3.0555496 2.3132544
-4.251563 0.44698566
-2.877327 2.2870529
2.850788 -0.07681811
3.5585022 -0.18357727
3.5680308 -0.1756469
-2.2587712 1.733381
-2.54523 -1.2634168
-2.7593133 -0.6387902
2.788221 -0.06601998
0.30868328 1.155221
-1.2059401 1.7445214
-2.666699 0.98294234
-2.3728108 -2.2122974
-2.374784 -2.2359192
3.4103315 -0.38528985
-0.67768097 1.5905926
-2.2833037 -2.1990354
-1.458843 0.57511187
-2.3405895 -2.251353
-0.80811805 1.6007197
-2.2310898 -2.2200704
-3.547155 -2.2335343
-3.2005672 -0.630266
-2.9827588 -0.6714297
-2.322179 -2.069488
-3.5001392 -1.109746
-3.0692132 -0.9044168
-3.0228815 -2.552845
-2.6743276 -1.1790003
-3.2758772 -1.30344
-4.69822 -3.19502
-5.6783466 -2.9468243
