-5.018782 -1.0852845 
-1.1500423 1.9082782 
-3.1022313 1.3378185 
1.0100427 8.058594 
-2.4707184 -3.305365 
2.2860649 -2.8345156 
-0.57637 3.1717932 
-3.027207 1.1086533 
-4.121896 -1.5408868 
3.6268466 -3.9526148 
-0.8103602 1.8152269 
-0.4317279 2.1792014 
-9.084731 7.241668 
-1.9592661 -0.6718478 
-3.9268777 -0.53947645 
-2.7049806 0.0021212995 
3.4510896 -5.378254 
-8.257423 -2.033874 
-0.37208974 -4.306612 
-4.1796856 -0.35151595 
4.0278726 1.3819865 
-0.14575833 0.24927706 
-2.5188985 2.0602918 
-2.0535142 -1.9533261 
-4.498959 -0.56857413 
-1.8055038 1.1479144 
-4.308652 -4.1479044 
-3.136955 -0.21383654 
3.704382 -3.601269 
-0.51313186 1.4663498 
-1.6008475 -0.49028158 
-3.6718774 -0.626927 
-0.85903007 2.2646255 
-3.8737817 3.378274 
1.5623953 -1.94519 
-0.09066274 2.4419062 
0.3431517 -5.7255716 
2.3801236 2.5071707 
-3.390996 3.723943 
-3.3472974 3.7149415 
-1.4551129 0.4218372 
-1.050346 -1.1861933 
-3.5537858 -2.9203916 
-3.3936813 1.4407076 
-5.601039 -3.222194 
-5.0120206 -0.43934014 
1.9836391 -0.8958626 
2.8724244 -1.0573025 
-4.6673937 1.1326413 
-4.69453 1.4037666 
1.6690125 0.14592214 
-4.014873 -0.32634503 
0.36956015 1.7457333 
0.98113644 -2.0512109 
-0.4333561 0.10727956 
-1.5830348 4.762719 
-1.4961659 -2.201708 
-0.32865888 -0.20577487 
1.7767975 -3.8536768 
1.9021453 -3.7134986 
-0.5287321 1.1556286 
-0.9369587 0.62394273 
-1.5465277 3.1222548 
-2.266992 4.621709 
6.353688 -5.6265306 
-1.2055988 2.8444862 
-4.4752846 1.3303593 
6.055132 0.5683006 
0.75876987 -1.6399697 
-1.6195962 0.06151928 
3.5275583 1.3434894 
1.487508 -5.6112084 
1.4843758 -2.009604 
2.79584 -5.0975237 
-0.8973587 2.0026693 
-4.507474 5.0003667 
1.5410545 0.7683489 
-3.12231 -0.7208187 
-4.714192 1.6769735 
0.6057315 1.011651 
1.1516657 1.9408184 
0.38843277 3.905655 
-5.1922255 1.8027219 
2.6981983 -3.8964832 
-4.079373 4.3758864 
-1.0143275 -5.3307056 
-3.0351417 2.1530223 
-1.9857881 -0.3570521 
1.0261519 3.1330142 
-2.9492342 3.2378142 
2.1622827 -2.5317233 
-2.9075572 2.455768 
-4.4964614 -2.629898 
-0.2997893 -1.4994868 
-0.33546183 5.6799207 
0.8006662 5.882238 
-0.18647751 0.022183046 
2.714566 0.5882573 
-0.94915736 3.093274 
-4.876255 -4.474287 
0.63151187 3.1825569 
0.4215081 -2.911876 
-0.39189947 -1.6651353 
-0.70910484 -2.872313 
-0.6964599 -1.1373537 
1.9541488 -2.4610898 
-1.9243267 -3.5155458 
4.2492146 -0.008958191 
-3.0127287 -4.743531 
-1.3710072 -4.5237236 
2.8377552 -4.962766 
3.459224 -4.259153 
-0.24641544 -1.9509611 
5.073329 1.6391511 
1.8788664 -0.87666965 
0.93983066 -0.18181701 
-0.45527253 -0.7032003 
1.1153616 0.2417347 
-4.7778306 -3.223256 
5.554393 1.4346285 
2.169423 0.7774018 
-0.039586097 -2.2133746 
-3.9947815 -4.5564103 
-3.8819427 -2.825844 
-1.3389404 -5.0844464 
6.7969475 0.9262047 
-0.8954483 -2.6328337 
-4.381933 -2.9816313 
4.8760386 0.67890835 
2.1074295 1.2168602 
1.5399342 0.27668765 
0.0622586 -3.0356617 
4.1949267 0.85471743 
-0.31752318 -3.5980763 
-2.2134495 -2.8696933 
-1.8805431 -4.150862 
0.97432417 -2.5946882 
-1.4906645 -4.134449 
-0.8440325 -2.3723705 
-1.3804832 -3.837683 
-3.0895238 1.5167153 
-1.8905215 0.271404 
1.3678795 3.6476426 
-1.489112 0.10488237 
-2.4256706 -0.78875613 
-3.3609142 -1.9357234 
-0.31100383 2.736741 
-1.272224 -0.85124433 
-1.8411329 2.566466 
-0.92917657 0.5106422 
-2.7674882 0.26651588 
-2.913948 1.221669 
-3.1964793 1.4896786 
-1.0662076 -2.441233 
3.7968273 -2.639312 
3.045708 -3.2753205 
2.4811864 -2.9122305 
-1.8506746 -0.32746884 
-1.9450593 0.6698501 
-1.928678 0.69202405 
-1.123078 -0.43453074 
-1.372106 0.83173186 
-0.12673 2.4036922 
2.3883739 -1.4578716 
-1.337005 1.6577417 
-6.470511 -2.3801403 
-0.9437168 0.23039776 
-0.76016676 0.8233118 
-0.1504645 0.87352324 
-3.1688414 -1.2479572 
1.3896097 -2.081942 
-2.2226055 -0.3562575 
-3.1225023 2.7761183 
0.20021598 -3.816816 
1.9376447 -2.4336014 
-1.021939 -1.3512512 
0.20650107 -1.0320714 
-1.6661966 2.253345 
-3.9909568 2.9520266 
-0.6628331 -0.7992361 
-4.2908607 -0.78349113 
-1.3585094 0.8366737 
-2.7081146 0.0643497 
-3.3981261 -1.1937835 
-0.015595734 -1.2817943 
-2.2141001 0.46308827 
-2.394967 2.378 
-0.73692024 0.124430895 
2.5305502 -3.1105428 
3.569149 -4.5611725 
-2.4162269 -3.7298522 
-0.8740697 -0.6322674 
0.9936002 -0.46662694 
3.734992 1.9261929 
-5.3745847 2.655786 
-1.0207499 1.697952 
-3.9857929 2.1811905 
-0.6562617 -0.5938456 
-0.09917292 0.7057652 
-0.39083135 0.9647982 
-3.1691782 -2.2586422 
-6.2206225 0.37801415 
0.621006 -2.1038134 
-0.503796 0.94271 
0.6140449 1.5725944 
-0.7352534 0.34284812 
2.0713863 -6.212226 
-1.9958687 1.4254578 
-3.027207 1.1086533 
-2.471289 -0.2599782 
-2.0734203 1.4126203 
-0.496214 1.3202285 
-1.3148849 -0.18641225 
-2.4256706 -0.78875613 
-0.5720596 0.17631534 
-0.61145353 -0.7852446 
-1.4107476 0.2012293 
-2.7162292 4.5566583 
-4.1916094 -0.3284244 
-1.5266265 -0.29695585 
-0.01487571 -3.199298 
1.7083378 -2.5384831 
2.1123874 -8.057049 
0.83147925 -2.3266072 
-2.2214668 0.5558009 
-0.097492665 -1.1266603 
-1.0489832 -0.06153877 
1.1285892 -1.9852388 
1.7598633 -1.4850476 
-1.4375796 -2.996791 
-2.6637588 0.17880279 
-1.5399988 -1.2465545 
-2.3812144 -0.9421673 
2.828917 -0.31154114 
0.40508106 -1.7380584 
-0.34758946 0.077639356 
-0.64672047 -3.5948648 
-4.2213078 -3.1618998 
0.4325407 -0.5467166 
-0.52352214 0.7418064 
-2.6494067 2.0364423 
4.6180077 1.0790182 
0.5482571 1.3354546 
-4.203868 4.886201 
1.3425809 -2.3833694 
-3.107451 8.459746 
3.0671327 -3.705915 
2.6007237 0.8755381 
-0.96899927 0.76362205 
3.2629497 2.7243404 
0.44956 -3.3115916 
-2.6854396 -0.77459496 
0.2764075 -0.9542227 
-1.8331395 -0.2627736 
-1.5132153 0.22436872 
-4.177155 0.78734773 
-0.20686857 1.1208495 
1.083199 4.2964973 
-2.5146372 4.134441 
1.1153616 0.2417347 
2.5688295 2.018115 
-1.0555089 -0.90086603 
-0.98361945 -0.6653935 
2.703228 -2.7485175 
2.7753806 0.27954787 
2.3078296 -0.066651 
1.2499199 2.2305787 
-0.7640685 -1.5516186 
0.59684503 -1.8931168 
-5.8201156 -1.5260403 
-0.19490032 1.3189803 
-1.8833389 -0.30917445 
0.05338891 0.7772589 
-1.1242912 0.37035203 
0.03374469 -0.26383233 
-1.9379311 3.228272 
0.37884322 2.4187605 
-0.26492482 0.25486618 
0.3870812 -0.3062673 
-1.7286932 2.1618233 
-0.27409047 0.6096594 
-4.210474 -2.63526 
3.3908863 -1.3485404 
-1.0706377 3.922587 
-5.291296 5.365183 
-0.42885217 -2.0103617 
-3.2673373 2.8862793 
-3.214873 -2.1315284 
-2.171054 1.375634 
0.822055 -2.255268 
2.7655926 -5.095806 
-2.4469275 2.043064 
-1.5476216 -3.0668306 
-1.329705 1.4927204 
-0.41603118 -1.5806453 
-4.2214646 -2.145638 
5.027972 -3.685306 
-3.2919016 0.6840513 
-3.1919541 -2.0720172 
-1.125046 0.049227655 
0.18499216 1.6592189 
2.5860705 -2.3075485 
-1.0060644 -2.6947372 
-0.5414344 -2.6100698 
-2.4103434 2.0935621 
0.02000752 1.3007777 
-2.3520277 -9.010356 
0.62615633 -7.5800385 
-0.6223822 -2.9777894 
-1.7317626 0.7966703 
-7.962643 1.648855 
-5.386211 -3.1924076 
-0.13980599 -2.3775775 
-1.5584224 0.6957399 
-0.46051896 -1.7769754 
-0.06847522 5.204212 
-4.3114033 -0.5746504 
0.11076109 -0.3432481 
-0.63944024 -1.3536336 
0.46525505 -1.778223 
-2.8859076 1.90749 
-2.801441 -1.1532984 
2.2261813 -0.1746631 
0.5788566 3.137917 
-0.08820296 0.76355064 
-1.4750755 2.5047896 
1.830321 -2.0748706 
-5.5749836 -1.1706505 
2.141159 -4.9163656 
-1.9343944 -2.4656405 
-0.8355994 0.35541815 
-0.38286558 0.654589 
-2.45862 0.9955724 
0.9213879 -1.3832374 
-0.22151397 1.7771996 
-1.2074775 -0.632074 
-3.4618902 1.469573 
1.2726098 -3.3455737 
-1.9367337 0.13368207 
-1.3564843 1.4351462 
-0.8462935 -0.3835113 
1.032337 -3.9351301 
0.39179662 -1.0471505 
-3.2127657 -0.94473606 
1.6605421 -0.6057998 
-2.5868518 3.2131352 
1.6721426 -4.2903314 
-0.20919618 4.3210626 
-3.1514583 3.652648 
6.135207 1.4403619 
-1.0898918 -4.203601 
-1.9233117 0.29057455 
-4.3806868 -0.45774722 
1.7225764 -2.4942536 
-2.5242918 -0.43737638 
1.7032478 -1.0906463 
0.56931573 0.51385915 
3.7074666 -4.1008124 
1.9440588 -3.9723382 
0.9813567 -1.902667 
0.90431225 -0.82819116 
-3.005625 -0.41145363 
-1.4717379 1.3040857 
-0.7558929 -0.9846921 
5.2790065 -7.991229 
3.317805 2.8802342 
-0.6689663 -0.34583282 
1.6874669 -3.0906458 
-3.2233157 1.013481 
-1.2790254 3.3083925 
3.0146165 0.09973802 
2.5103045 0.883283 
0.3751819 -1.9114707 
-0.6173489 3.8740315 
-3.1017685 0.33304894 
-2.1641302 1.1102959 
0.5178083 -2.3139563 
-2.6111207 2.6391933 
-1.1730747 1.836668 
5.0288267 0.76544476 
-0.5365596 1.8530533 
-1.8315194 2.7595778 
-0.6547944 0.9928689 
-2.7573686 1.2726656 
-0.26789868 -1.5507903 
-1.6433089 3.2459126 
-1.6724219 -0.100440234 
-1.0889338 -0.032922033 
-1.5362102 -1.3814026 
2.2890925 -3.2063413 
-0.9805381 1.0403008 
0.8519144 -1.7166488 
3.8964417 -0.23096927 
2.8950129 2.427715 
-1.6134454 1.1251812 
-4.5063405 -1.2377346 
-0.63236237 0.8262355 
-1.8734257 -0.20448029 
-0.86874497 1.373761 
0.18811122 -3.4694347 
1.1432076 1.0744555 
-1.291733 0.33375686 
-2.3635774 -0.3827109 
3.6359735 -3.4513667 
-0.19860053 -1.2111776 
-0.4525917 1.8665088 
-1.9798548 -4.0576735 
-2.328576 0.6732396 
0.44530582 5.4528832 
-2.4011831 -1.2797695 
3.714375 1.0433941 
-0.58153915 -0.66048646 
-1.2974708 -2.4391088 
-0.8895821 1.217217 
0.5344062 -1.105684 
1.1435854 4.1872296 
-0.44390395 -0.5617854 
-1.5513229 -0.29271066 
-4.764685 -2.3898644 
4.06641 0.09074907 
-0.39083135 0.9647982 
-2.439166 -1.0395828 
-3.3832934 3.8011053 
0.25811532 4.1212735 
2.1069736 1.6083949 
-1.5541204 -1.9034418 
-0.9113922 -3.072176 
0.867185 -2.2007494 
-2.5042636 1.4465718 
-5.925627 5.803106 
-1.9008083 1.7905709 
-5.6786237 3.3365152 
-1.069063 -0.4772061 
0.34762964 0.539867 
1.0954666 3.9513216 
-1.8803486 -0.14761229 
4.1139755 3.7256856 
-0.74057424 0.49907565 
-2.8399372 4.1407285 
2.7241561 -2.3437161 
0.23392713 2.8400524 
4.8538985 2.4742131 
-4.558166 4.2763243 
-2.0209682 2.0250678 
-2.4871442 0.5819781 
-3.4776015 0.7844056 
-2.0108175 -1.2639198 
-0.5148751 -0.9582487 
2.437712 0.117037445 
1.5131049 -2.9538002 
-1.2786622 1.9922512 
2.7211142 0.96308357 
-0.18499283 -1.9936862 
-2.7174547 1.3513967 
1.5256037 0.3479369 
-1.1727676 0.5945842 
0.6776281 2.8251982 
-3.8067913 0.16300043 
7.8538733 4.036284 
-1.5707682 -1.6223212 
-0.64246583 -1.866669 
0.87079054 0.869862 
-0.59693825 -1.2332242 
-1.6652479 1.9650073 
1.5409269 -1.799134 
1.2365704 -0.62994367 
2.5501847 -3.1516185 
-0.48076504 0.22312471 
0.9293342 -2.0237184 
-1.2397387 -0.23669387 
-0.4422661 0.5424854 
-1.1518211 1.1062034 
2.2761774 -0.30417398 
-4.4000254 3.0661178 
-1.8843422 -2.7124557 
1.0997834 2.8237402 
0.023929626 -0.3915916 
-0.5365596 1.8530533 
0.9891741 0.7794838 
1.5248208 1.6332399 
-0.5400365 -2.6455264 
-0.7673346 -0.47085088 
-3.8219104 0.57062596 
2.2145433 0.9418952 
-0.8196886 -3.116223 
-1.0162213 4.3601437 
-3.7072873 -1.4974687 
-0.6440157 -3.7210271 
0.023704946 0.55786526 
1.6262535 -2.2495089 
0.6546009 1.0456218 
-2.6568785 -3.637809 
-2.2701864 1.2765582 
0.81875235 -2.107862 
2.0434425 -1.2625078 
-1.0014219 -0.61192584 
-0.2092259 -1.4612705 
0.3906437 1.2327037 
0.2293329 1.3024702 
0.30730656 -0.33135316 
-1.7016451 -1.2677561 
1.6496851 -1.5611211 
-1.1791022 -2.013319 
-4.3294683 3.2042558 
-1.3495308 0.5897208 
-1.0276237 -2.9807322 
-1.2026823 0.18291786 
-3.7811663 -0.23559184 
-1.8764372 -2.3574529 
-4.5957594 -1.6027699 
-0.2432995 -0.093428105 
-1.5059346 0.3017397 
-2.6494067 2.0364423 
1.9868766 -1.8841908 
1.811477 0.91577995 
-1.9298997 0.7922363 
0.8271339 0.8187008 
-0.21932855 -1.4919256 
-1.2425778 2.5326233 
-0.76903105 -2.439674 
-0.015595734 -1.2817943 
-0.35613543 0.34901595 
-0.4123972 1.8853997 
-3.198977 0.16164821 
1.9426963 -3.038199 
1.0032011 5.6580896 
2.1692863 -3.6289382 
-0.2713323 3.0978186 
0.87385184 -1.393583 
-1.4413396 3.1463661 
-0.52878165 -1.0778553 
-3.800199 0.7093765 
-0.67275786 -0.4476038 
0.7492889 -1.5978233 
1.9177577 -2.7658606 
-0.04612878 -4.5104823 
0.7090447 -3.7173338 
-3.0375524 -1.8958787 
-2.3595 2.198135 
-0.23734877 -1.1754761 
5.7745476 0.9192329 
4.3098 0.5281899 
-0.17491414 -2.0964212 
0.14651847 3.5823903 
-0.20136559 0.6955834 
-3.3832934 3.8011053 
-1.4155157 0.7028761 
-0.42481813 0.37109184 
-1.1159524 -0.31085753 
-2.642965 0.6523287 
-0.081257045 -1.1945262 
-1.1300774 -0.83646464 
1.4882834 -1.9426627 
-0.74659014 -0.44002953 
-0.25576138 -2.5546136 
-0.85985345 0.8575576 
-0.37922898 -1.3993976 
2.0629754 -0.7656102 
1.9046494 -3.4702997 
1.8052762 0.2508538 
-2.4386628 3.6522367 
-2.571977 -3.408511 
1.3217382 -2.39817 
-0.51305956 -1.5141089 
3.2802515 -3.832899 
2.6467125 -5.513992 
-1.0893575 -0.45661843 
4.105017 -6.9082355 
-3.7280169 -0.9919709 
-0.74012995 -1.4759779 
-7.4090223 0.9644438 
-0.8197956 0.75320554 
-0.67699736 0.250992 
0.44469416 -2.5475583 
-4.9771256 4.4664965 
-2.9067106 -0.9073193 
-4.926654 3.3885908 
-3.3300705 0.6169358 
0.7829548 1.594211 
-3.8796618 0.57625675 
1.5893621 -2.1615617 
-0.33467978 -1.7625115 
-3.903765 2.2071638 
-3.4872289 3.474769 
-1.7163908 -0.30439964 
-1.3011864 1.7400491 
-0.7713274 1.5596001 
4.1769977 -1.150831 
-3.0665843 2.520396 
-0.1353514 -2.2360356 
3.6602774 1.6050236 
0.78426665 -0.47596654 
0.9118619 1.2535812 
-1.20679 1.4760957 
0.8563595 -0.73458177 
-1.529266 -2.803583 
-1.0209634 -1.3431188 
0.026810408 0.32307395 
-8.9656725 -2.748089 
-2.169864 0.041951895 
-1.2458687 0.70601493 
0.003270626 4.175777 
-1.1730747 1.836668 
-1.3640386 -0.69774437 
-1.7382126 -1.1282007 
-1.3343613 -0.22602987 
-4.969684 -0.00080776215 
-2.2782595 -1.3383807 
-0.09432922 -2.2298288 
2.1952364 -3.7246177 
1.8965642 -2.1279874 
-1.9615431 1.6362281 
4.7446795 1.8779346 
1.2075058 -2.915687 
0.9037279 1.3086672 
-0.66185033 -3.108148 
1.8712274 -2.8818312 
-3.2978563 2.3090346 
-2.4828176 1.336632 
-0.16666085 0.55264616 
-2.7285335 -1.5698155 
3.6302423 2.755606 
-3.1479125 -1.610429 
-2.6323068 0.50835943 
-1.1387239 1.4831266 
-1.0756 0.007317096 
1.1851056 -2.1542366 
-3.9355922 2.3281736 
3.1888835 -2.7654893 
1.8523917 -2.6156077 
0.8599589 0.30365613 
1.347314 -2.7699826 
1.0663997 -3.1073694 
-3.4505248 -0.52445334 
0.5268286 1.3378752 
-0.8982235 -2.3421745 
1.030315 2.6118064 
-4.4270697 -1.24724 
-2.521851 1.2187895 
-5.646082 -3.4224248 
-4.197579 0.27971768 
2.9137251 1.15123 
0.30840605 -0.5830326 
1.5113263 -1.1901064 
-0.7271436 -2.1213999 
1.8124796 -2.6222987 
3.3957698 0.73858804 
2.5170105 -0.9047078 
2.8903325 0.061429366 
-3.9324567 0.27742267 
2.2031326 -5.567764 
-0.95421463 2.1274898 
-1.1514645 1.029501 
-0.8189439 -2.3580518 
-0.88691175 2.2152977 
-0.5057164 -2.0971262 
-0.16500762 -1.2979925 
5.1759806 -7.8581767 
-0.93975955 0.9639665 
-3.3681197 -0.82189846 
-1.4529095 -2.9674418 
5.074142 1.8433164 
0.037483186 -2.7681942 
0.8563595 -0.73458177 
-1.5577192 -0.78135914 
-3.5303736 1.6218075 
-0.92973346 2.2659128 
-0.22837582 0.11551289 
1.0474975 1.348797 
-3.4038682 -0.82673025 
0.40216842 -1.3521671 
1.2359118 0.0048689917 
0.9507701 -1.6765691 
-0.8755113 0.057483405 
-0.8483343 0.17094956 
-0.3558469 3.6261659 
4.721003 1.2069566 
0.30434856 1.0777097 
-1.8270929 1.2116838 
-0.7898705 0.9910939 
-1.4517515 0.03516984 
-3.371686 -3.1406977 
0.49201888 -0.14910135 
0.4566671 -2.359204 
1.6207 -1.8039906 
0.00014773011 -2.308726 
1.529492 -2.8679001 
1.4429775 -6.5302606 
-1.3932794 0.5524936 
0.9274159 -2.4034312 
-3.420935 -1.956883 
-2.5662313 1.9534249 
-1.809164 0.67861736 
-0.33013412 1.8395938 
0.9459547 -1.6263335 
-3.012326 0.9272715 
-0.426811 1.0387104 
-1.9723192 -0.7870643 
-3.5115743 3.1270971 
-0.5643229 -1.0015923 
-0.15775533 -0.50880486 
4.624546 3.646985 
-2.3033059 -1.5988576 
2.0526142 -0.68412614 
2.4750707 -3.9944904 
-3.759493 2.7909606 
-2.4117427 2.7408507 
-1.8073006 0.46803308 
-2.7082973 -1.8062575 
2.6560278 0.36597452 
-3.9719274 -1.0328039 
-0.18457167 -1.8263688 
-1.4252806 0.74740946 
0.4782939 -2.3176088 
-2.5816216 1.9933848 
-1.4002922 3.620053 
-2.581802 -0.18862498 
-0.604084 -0.09020582 
-2.2392757 3.458809 
-0.9682666 -2.3712182 
2.431071 0.6109005 
1.2295421 -8.7274885 
-2.7725153 0.13334784 
3.6268466 -3.9526148 
-0.73484707 0.52257895 
-0.7363869 2.4506867 
-1.0143287 1.9189788 
0.6531387 -2.4616244 
-0.7445683 -0.57793784 
-2.7206361 -0.57075083 
-0.8131493 1.6085148 
0.37675542 0.704168 
5.4181175 -5.104684 
-6.7109666 3.6934552 
0.9195069 6.9713335 
8.007624 3.5706954 
1.6389761 5.4944854 
1.4728518 2.3393538 
-1.0947052 0.9197589 
5.6836014 3.7428198 
-1.404629 0.008573117 
0.7771213 -1.7869865 
1.4317849 -2.5921884 
-1.3431712 0.899797 
1.3688633 -2.021712 
-1.1425313 -0.54714906 
-1.5985408 -1.7647899 
4.9540744 0.68680876 
1.197936 -1.7666304 
0.16008656 0.60299903 
2.584057 -1.3231848 
0.72323346 2.9118652 
1.3370731 -3.0089865 
1.3975041 2.1048172 
1.8735994 -2.9407701 
0.25414103 0.056349635 
-3.1791246 3.1159148 
2.2314763 -2.7351575 
3.3006952 -3.4126089 
-2.5328312 1.4311166 
2.2009602 -4.4052815 
-1.5565658 1.1217705 
1.8352988 -3.8890858 
-1.669918 0.5320283 
3.5543723 -5.592094 
-4.5251546 -1.3401005 
-2.8931694 0.25348058 
-0.36766538 -0.17057952 
2.6463654 -2.6939173 
0.26166344 3.615829 
-1.1047219 0.44334182 
-1.0002095 1.758795 
0.88741505 3.7216702 
0.2680456 -2.183495 
-2.5690522 3.2615554 
-2.4356759 -0.2563004 
-1.2606373 0.17201251 
-1.0894566 -0.0643031 
-0.8085094 -0.48643166 
-1.2640737 -0.73546004 
-5.214008 -2.56636 
-2.8239276 0.16697766 
-3.058961 5.1820283 
-2.0601587 1.4848989 
-1.5065331 -1.1041086 
-0.996388 0.4014606 
-1.9187973 1.2273318 
-1.8333595 3.2243552 
-3.0546324 -0.07590315 
-1.9989715 1.7316444 
-2.6058974 0.34556413 
-3.1911905 0.9403332 
-2.6677165 -1.1073668 
3.820745 0.51588625 
-3.310624 3.6315093 
-1.2151046 0.00022678077 
1.0406952 -2.365332 
2.1124656 -3.3602393 
-0.91745734 1.5885316 
-0.9877188 -0.0693903 
3.4112284 -2.898261 
2.016853 -1.3608701 
-1.4103825 -1.0176686 
0.6405644 -1.7748252 
-4.296305 0.9444745 
-1.3544675 2.979416 
3.402061 -3.1956763 
3.8685365 1.6593192 
-2.8120835 1.386143 
0.4851612 1.0796721 
-1.1182085 2.2094722 
-5.3451447 -2.2465534 
-2.5146587 -0.58285546 
-1.3405634 1.7092429 
-1.0476569 0.087563574 
0.8350828 0.9643362 
2.3006444 1.120588 
3.259032 -4.0449805 
-0.1567987 -0.34595114 
2.724055 -4.499487 
2.8396673 -2.388309 
2.1123874 -8.057049 
-0.94409436 -0.6461145 
1.6882364 -2.4055967 
2.3535514 -4.1319513 
1.7799606 -3.6832254 
1.3191386 -0.0235601 
0.5918807 1.2784604 
-1.7084621 0.31139335 
-1.3105731 -0.7065139 
-0.18531777 -0.64815766 
1.042548 -4.77958 
1.3380231 2.2486863 
-6.0605526 2.2676163 
0.40218514 -3.7214751 
-4.091555 0.7312093 
-2.146733 -1.5151664 
-1.5812218 1.3229918 
0.56839633 1.6675881 
-0.54471016 5.319894 
4.3530707 0.47437385 
-0.76925266 0.94523525 
-2.4583714 0.21388274 
-1.4235383 -1.1541517 
2.5075006 0.4231713 
-2.4387064 0.2541297 
-2.2641385 -0.33040577 
-0.7616042 0.1674278 
0.87737525 -1.5852334 
-1.6259737 0.9142321 
-1.3800974 0.47528082 
0.7151171 0.61587775 
-1.0533631 -1.3887217 
2.2199519 -3.3903918 
1.5382237 1.093375 
-3.4982457 -0.8304455 
-2.062378 0.71222854 
-0.19356549 1.0289862 
-2.1262982 1.7597001 
1.4014597 -6.2929673 
0.170329 -0.70195735 
1.1586131 1.0573285 
-2.4537344 1.824583 
-2.910567 4.073214 
-0.62954307 -1.409 
-0.62002444 0.33433035 
-0.79566514 0.7698183 
5.312275 -7.1817904 
1.2403678 1.022347 
-2.948007 -0.54473984 
-1.5732603 0.5840393 
4.202433 -5.047265 
-2.0353365 -0.2747073 
-0.29299903 -1.1337292 
-1.1050096 -0.09805457 
-3.2220464 0.4229973 
0.80486387 -3.117157 
-3.9542239 -0.8579545 
0.23878016 0.5222516 
-2.1513715 -1.1027533 
0.07383455 0.2652639 
-0.001321137 -8.13118 
1.1227716 -2.1461735 
2.0190086 -2.845149 
-2.4006193 1.0819565 
0.62066716 1.6404808 
-4.101659 -2.4857996 
-0.45542553 -2.0614083 
0.49401766 1.1071447 
5.3779154 -1.6528096 
2.0882118 1.7667578 
-1.959244 -6.3252544 
-2.6343222 0.9636081 
-2.0828397 1.093694 
-4.093071 0.74012715 
-0.16107175 2.6129632 
1.4366978 -1.8842123 
-0.06841701 3.5393536 
-5.2058506 -3.7593613 
-2.0218778 -0.15897049 
-6.2701635 -2.8845599 
-0.48880804 1.376721 
2.6033661 -1.7331038 
-3.0196939 -1.4237763 
3.6545155 -1.2133273 
1.1718713 -2.208188 
-1.9732732 0.5626025 
-1.178861 -0.9904862 
0.51338756 3.270519 
-1.7858114 0.6807558 
-0.73083955 -2.1014585 
-2.4557815 2.6066535 
-2.46554 2.7303395 
-0.7010189 -2.4798205 
-2.4071145 0.30829126 
0.2336227 -2.7786045 
-2.5570734 -1.5927548 
2.2192 -4.5907855 
-1.8504372 -0.11675293 
1.5911236 -2.058543 
-2.609795 1.956416 
-1.8404102 -0.8906285 
-1.6314931 2.3983963 
-2.9068289 -1.9409169 
-3.120928 1.2278222 
-0.6763912 -0.2937961 
-2.8835387 2.305021 
-6.681683 -1.2739521 
-4.6678095 -1.8446405 
4.4570932 -8.435892 
-0.5365596 1.8530533 
-0.14622468 -4.3548074 
0.037483186 -2.7681942 
1.5672258 -2.8069222 
0.8104774 4.0459595 
1.1252863 0.15973508 
2.8347907 -4.3428645 
-1.3246057 -2.1939592 
-1.85047 0.08255105 
0.17205238 -0.26043427 
1.4581926 0.47428864 
0.33419162 -1.9328285 
-1.1771495 1.1686558 
-1.3907548 -1.8035092 
-3.1206763 -1.8627577 
-0.40473932 -1.1913388 
-1.3083875 6.4050426 
-1.9187973 1.2273318 
-1.8128302 0.9395045 
-0.33925706 -0.516441 
-0.9189623 -0.6487502 
1.0741721 -3.0432432 
0.124044 -2.2208347 
-4.2882433 0.16892534 
0.4326526 1.7598159 
-1.2719316 -1.0975407 
-1.126528 0.7589935 
0.5259771 -4.5356255 
-0.15310377 -1.720201 
0.57122064 -0.7139671 
-2.8880346 -2.707386 
-0.9835928 0.24059072 
-2.8900516 1.1080285 
-3.5657017 4.063864 
1.033598 5.7262 
-0.4090982 4.2269936 
0.99942255 1.8850292 
-2.3655145 -6.4928904 
-1.719453 -0.973974 
1.9648262 -3.1406517 
2.927417 -3.948958 
3.4217198 0.7668153 
-2.7737281 0.09533715 
1.4655046 -0.7394636 
-1.2480832 2.8173482 
0.043585688 1.847169 
0.37397152 -4.2627964 
1.4545109 -1.0543292 
1.1516995 -3.5240524 
-0.34900433 -0.5893668 
-0.7162398 -3.280497 
-2.2320957 -0.66433305 
-2.7537272 -2.2461593 
-1.8165953 2.1245706 
-0.091991425 5.454684 
0.9968214 -2.6255615 
-3.0835552 0.7451278 
-0.03551556 -0.48627675 
0.7470743 0.3243492 
1.0355917 -0.10599235 
-2.3236036 0.8216796 
0.62615633 -7.5800385 
-0.5532823 -0.9297846 
-0.6826336 -0.008718908 
-4.601976 1.4766393 
-0.15632585 0.31799862 
-3.0660844 2.0433187 
-3.3981261 -1.1937835 
1.3080584 -5.019189 
1.6721426 -4.2903314 
-3.940492 -0.76163983 
-6.8654003 5.2556767 
-2.981223 -0.47103596 
-0.34728846 -1.5666251 
1.330958 2.858695 
-3.6762588 -6.003398 
1.2159708 3.1310425 
1.1763693 -2.5467005 
1.0201501 2.2531989 
0.23030987 -2.5542698 
-1.8948163 2.1865659 
0.3567888 -1.402831 
-2.6114368 1.3219614 
-2.192725 3.4650347 
-1.259882 -0.6938417 
-4.7067156 3.3248188 
-3.0691478 -3.8914533 
0.6073662 0.19400756 
-5.5439405 2.717798 
-4.3667808 0.49951875 
-3.7890673 -0.47538894 
-0.7916539 -0.35306334 
5.913394 0.8693564 
-1.6656094 -1.4412187 
-1.0756 0.007317096 
-0.8644575 3.4437616 
-3.23694 -0.6018866 
-1.3049926 0.81237596 
1.4907737 -0.21169329 
-4.004263 -4.1369343 
1.4649944 -4.369366 
-2.542827 -0.2269682 
4.1769977 -1.150831 
-0.30661768 -3.4422808 
1.2295421 -8.7274885 
1.1555355 -3.340272 
-0.12726492 -4.053642 
2.1053882 -2.724943 
1.842201 -2.3987124 
1.1157768 1.7591717 
1.5468501 -2.8790703 
2.9788208 -1.7161436 
-2.0003817 5.946211 
-0.34708783 0.15829654 
0.4782939 -2.3176088 
0.5243067 -1.5515741 
-4.836959 3.6180508 
-2.291203 3.6896749 
-0.59693825 -1.2332242 
-1.3120013 0.96250165 
-6.4344454 2.4892573 
-2.8671184 1.8109902 
-2.4215295 -1.4925781 
-0.85588753 -3.2886684 
-3.3165855 1.4001966 
-1.4691143 0.24320096 
-0.89701253 0.6737598 
-2.8492813 0.83813304 
-0.35797843 0.39649993 
-0.37995392 2.081471 
1.8893499 0.7611372 
-0.73496747 1.1597704 
-2.0706234 0.31517968 
-2.1997979 1.2996854 
-0.9772891 0.92143404 
-0.8032763 -1.1308329 
-2.410309 -5.703379 
2.4843256 -3.9772081 
-0.45155913 3.7053523 
-0.12328088 0.22345942 
1.6322904 -1.7835985 
-1.7940812 1.1323737 
0.7226534 -4.836773 
-0.61790043 -1.3014411 
-2.1777883 -0.64023983 
-1.9844633 -0.49814332 
-0.46297312 -0.7006519 
0.9686606 -2.410724 
0.7804607 -0.4757577 
-1.1144694 0.9617416 
-2.7225528 0.5205985 
-2.7029147 1.4999362 
-1.934788 1.8388151 
-2.2391844 0.69249964 
-0.116320014 -0.1986329 
-0.8128228 -0.79967976 
-2.9127612 -0.07797749 
-0.9682638 1.6966559 
0.44647992 -1.9289609 
0.7446761 -2.5925796 
-4.1986146 -0.56368756 
-2.5843625 -2.3680394 
-2.61134 -2.1081743 
-3.8592694 -0.37888658 
-2.240341 2.7639494 
-3.7969685 -2.4463048 
-0.83299965 -0.49543786 
-0.48221448 0.5983365 
-2.2917838 -0.2669932 
-2.9886198 0.6749073 
-0.2806477 0.18985468 
-5.56907 -1.7736119 
-2.1463866 0.72220016 
4.1327972 -6.5803523 
0.3806721 0.76106626 
0.9773896 1.6878977 
-2.4176302 -1.596204 
-1.7340775 0.03287804 
-0.9805381 1.0403008 
-1.8754454 0.48723063 
-0.52018666 0.4010573 
-2.4781718 1.1058085 
0.041208 1.366079 
3.5908425 0.33540308 
3.2976432 -1.7220277 
-0.53052247 1.2166846 
-3.6989315 -0.95414525 
1.5444834 3.454363 
-0.56865805 1.4818298 
-4.385513 2.8761737 
-0.41943556 0.7716525 
-2.217927 1.9611883 
4.9647274 3.8319325 
1.2740476 -2.0982718 
-3.8385725 -0.71225905 
-0.81767464 3.3691041 
-2.6041555 1.139499 
-0.70011663 -0.35956597 
3.2649455 0.91384417 
-2.5159056 0.64818674 
-2.6901543 2.1657205 
2.0292385 2.731949 
-4.128212 -1.8638535 
4.477773 1.8022354 
-3.5181916 0.14217904 
-2.9596963 1.9957912 
0.532105 -2.7910483 
-0.66650903 3.2039866 
-4.1798573 2.5478435 
-0.028845608 1.8416976 
0.6957654 -1.060536 
-1.3605207 0.76731247 
0.2524151 -0.3333873 
-2.404408 1.7111795 
0.6983972 -2.099802 
1.1101626 -1.9716926 
0.33219296 -4.5088224 
-4.998315 -1.5075948 
2.4529285 -2.6909463 
0.46677878 -2.0723605 
3.341465 -2.0728238 
1.0725987 -1.9219615 
-0.97954816 3.3301067 
-1.7739068 3.4585602 
2.5339913 -4.1493797 
-0.8992328 -7.3514557 
-0.65664226 2.4285607 
-1.5854654 2.2725906 
-0.3019475 -1.7339355 
-2.0910969 -1.1446983 
-2.3953087 2.9201782 
1.8671095 -2.6983016 
-3.0354967 8.19765 
-2.1188161 -3.7991028 
2.0027442 -2.4804025 
-2.8595328 -1.9030225 
-3.4841914 -2.3982348 
1.0528058 -0.99283934 
3.9087367 1.6728674 
5.7544503 -6.9617534 
-0.19860053 -1.2111776 
-2.645637 -1.8292818 
-1.2976905 1.0760543 
0.64372605 -2.1945863 
0.03433478 1.6237276 
0.11649396 -1.4826663 
-3.2501996 -0.7934232 
-3.7462432 -1.2325935 
-1.761124 2.922503 
3.8387425 0.7498211 
-1.6556724 -2.3267546 
-1.8843422 -2.7124557 
1.8982453 -0.025577195 
2.1359346 -0.263077 
0.1240267 -0.3826089 
0.1965844 -0.30677113 
-1.6577415 -1.9153992 
-0.35295093 1.6642808 
-0.60848004 1.1992073 
1.2467103 -3.1548162 
0.47624263 0.6298603 
-2.9932854 -1.8955225 
-1.2981745 0.63678885 
0.23397708 -1.1152644 
-1.7954743 0.44657558 
-0.41204676 0.98597294 
-1.7199869 -3.0498183 
-1.6867188 -1.5770534 
-0.9718903 1.4555588 
3.4231548 -6.911566 
-1.0951924 -1.8923771 
-4.9165764 2.397657 
-4.166229 3.5181618 
1.5982556 2.5963507 
-0.097878486 2.1467223 
0.5944312 -2.718078 
-1.4872091 0.82602775 
-1.8696457 0.63915104 
-0.73692024 0.124430895 
5.2178016 -5.351285 
0.67397547 0.10966711 
-1.5132153 0.22436872 
-0.5366461 -0.536069 
-0.84052056 -0.7316519 
2.4413042 -5.081711 
0.095369324 0.6745388 
2.4596553 -3.8054094 
-1.209452 0.079105556 
-0.24103108 0.8330167 
-4.9373155 1.2663344 
-0.06579125 0.102816455 
-4.6353607 0.13955665 
-0.7455281 -0.22095907 
-3.6989315 -0.95414525 
-0.7031138 0.33362734 
-1.0696299 1.5431474 
3.8530295 1.7231575 
2.2800694 1.7602987 
-1.2333294 1.0208167 
3.818533 -9.740589 
-2.5906098 0.91028434 
-0.8189439 -2.3580518 
-1.8444979 0.55061364 
1.3283937 -0.9039731 
-1.8028266 2.1000977 
-2.5568085 2.2678943 
-3.507701 -3.110424 
3.8037753 3.105846 
2.5379972 -3.2607808 
-3.1287847 1.9463217 
-2.9412148 3.2100794 
-2.9049284 0.67462504 
-5.7255793 -2.553061 
3.4872427 -2.2456107 
-0.29261 -1.1678956 
1.059678 -1.6100342 
0.18346071 0.68285036 
-4.159053 -2.059928 
-0.56642807 -1.4917588 
0.76466703 -1.3258806 
1.9022887 -3.8111682 
-0.66658014 -1.9034451 
0.94720757 -2.2370956 
-0.9666837 -2.7419899 
3.2489486 -5.002744 
-0.8097664 1.0243461 
-2.7976403 -3.618556 
-4.0182076 2.2263844 
-0.93575346 -2.017975 
-1.2094847 -1.494371 
-0.9036792 3.5086236 
-2.8529549 3.8339624 
4.0636654 -6.292137 
-1.253781 -1.4048829 
-1.5409825 1.3282751 
-2.2301238 2.5832975 
-3.8577347 2.900186 
0.8668519 -0.34614956 
-0.6272628 1.7484072 
3.6640048 3.7155926 
-2.159917 -0.043744832 
-3.4293942 -0.2104475 
-3.1312852 0.012538001 
-2.8489563 1.1780225 
-0.13393125 0.20801045 
0.04375991 1.6302991 
6.3091936 3.3412936 
-0.28395268 -0.17740893 
-2.8486319 0.4631852 
0.017712906 0.87749416 
1.6194794 -2.0874825 
2.4152331 -2.7198493 
-0.39463744 -3.9663732 
-1.734793 -3.0526333 
2.8469405 -3.339756 
0.44188127 0.07793558 
-2.3595 2.198135 
1.2859257 -2.3197 
0.2562102 0.8907584 
-1.4445275 -1.1621025 
-2.3928568 0.22329126 
-1.3114359 0.09888966 
0.60360485 -1.9695699 
-1.1258669 0.7397786 
-3.5333714 -1.2379708 
-1.5699358 -1.4700197 
-0.25816137 1.5358329 
-2.4695134 0.87585795 
-1.2894359 0.17435503 
-1.2572763 -0.19180065 
-3.3104067 -0.74682015 
-5.0294957 -1.0509247 
0.7949906 1.7882206 
-2.2434175 -1.6431375 
-1.6556724 -2.3267546 
1.7518094 -1.5865524 
1.4842645 -3.5439792 
-3.4016137 1.5000093 
1.889486 -4.684152 
0.72723436 1.7794656 
-0.45659247 -2.5330687 
0.4611693 -3.0847416 
1.4266115 -2.6971722 
0.5968453 -3.2752028 
1.8415326 1.4915034 
-2.7333007 -0.58076996 
-6.037907 -1.219238 
2.144731 -4.6884174 
-8.929334 6.9674735 
-2.8225079 1.95516 
-4.9215593 2.412032 
-3.2562118 0.4849977 
-1.7363839 5.671149 
-0.8972349 0.06864023 
-0.4393282 3.386581 
-4.986298 -1.8769042 
-4.459887 -1.7504401 
-1.8433492 -1.4274616 
-2.172309 -2.5362978 
-3.576736 1.9523516 
-1.1105466 -2.2783267 
-1.999293 0.43059337 
2.8129401 2.5794787 
0.016959876 0.2716614 
-1.7312535 0.2481597 
-0.09446366 -4.7094393 
-3.5745256 2.2262902 
-0.5277286 -1.4179642 
-0.24390975 0.25440678 
3.2262516 -1.9946353 
-2.144984 -0.6777053 
0.21186954 0.93817043 
-2.5906098 0.91028434 
-3.0527713 -0.59394765 
-1.9932268 0.7499166 
0.62784725 -1.1352103 
0.15522516 -1.7353401 
-2.1669228 -1.7513233 
-2.8452132 -1.9505764 
-4.9600945 1.9715543 
-3.79436 2.0373785 
-1.7174377 -2.250127 
-0.41557693 0.2635736 
2.714566 0.5882573 
2.703063 1.1425927 
-0.14711395 -0.30836797 
-2.9209595 1.5937331 
-0.27587858 -0.08459903 
11.22758 -16.276808 
-1.8846523 1.06759 
4.0700192 0.7483214 
1.7142175 -1.9399889 
-3.4259064 -3.8976157 
-1.9246069 -0.51668596 
-0.60353166 0.59538674 
-3.1901293 0.5814529 
-2.2117767 0.74173534 
-1.694665 -4.3897185 
-0.55129397 -0.36510414 
-3.0476823 2.6886733 
-0.1714856 -0.75196254 
-1.6298099 -0.43209356 
-3.0140066 -3.7552743 
-0.26055855 0.2605008 
-0.21963364 -0.43473572 
-2.469658 -1.8945935 
-0.281549 2.8769326 
-1.4275032 -1.5684433 
-0.85603523 -2.7919345 
-4.4123135 0.3459036 
-4.83794 1.0631686 
-0.89826286 1.6401479 
-3.396966 -1.0949486 
3.402061 -3.1956763 
0.70626265 -2.174363 
-2.8056655 1.7979274 
1.9221965 -3.8008976 
0.1316205 0.9457594 
1.3001925 5.753821 
1.5630877 -2.2240062 
-2.166988 0.05895348 
-0.87961876 1.766293 
-4.2966022 -1.2843825 
-1.6298099 -0.43209356 
-0.17855614 1.4587688 
-1.4733915 1.6190288 
-0.44826868 -0.23993604 
0.62889504 2.2308586 
0.18630427 -3.0361125 
-0.010009021 0.24083185 
-3.1953228 -1.3666407 
-2.3273733 3.0241303 
-2.7566311 -4.9267488 
-1.3235534 0.9500564 
1.7560332 -0.20872891 
-1.2987467 -3.0702868 
-1.5397267 2.3794947 
-1.253781 -1.4048829 
2.4587142 -0.108621076 
1.4337679 -0.83993816 
-0.1192338 2.681205 
-3.9124038 -3.8602836 
1.8885099 -3.064027 
-3.9026697 -0.16304198 
3.362391 0.98870957 
3.309251 0.72097427 
-0.7759318 3.510999 
-2.4616294 3.9591165 
-3.2092333 1.0065082 
-0.8446109 2.5497713 
-1.2782742 -0.16718589 
-0.95423293 -1.2994814 
-1.0397575 1.1908169 
-0.6775162 0.6682065 
-3.1449103 1.1694982 
-2.615817 0.27505648 
0.28207326 -1.5134623 
1.3640013 -2.0391304 
-5.2483015 4.44016 
-4.2707047 4.0198913 
2.3206336 -4.004636 
0.37397152 -4.2627964 
-2.201352 1.5275242 
0.25908968 -4.5702844 
-3.0156684 -0.21565773 
-0.18491462 2.088816 
-1.0434495 2.2544296 
2.1231446 3.2815847 
-3.8252738 -4.6316333 
-3.1691782 -2.2586422 
-2.4459965 0.069672175 
10.385439 0.87503093 
-0.4626124 -0.30660883 
-3.769488 2.954909 
0.8271178 -1.2167745 
-3.6831396 -3.2927685 
-3.6831396 -3.2927685 
-2.768683 0.24468298 
-1.6396055 -1.1878086 
-2.1121602 -1.2318486 
-1.94239 0.48741537 
-3.1945727 1.4497913 
-2.6883798 3.0838308 
-0.7251686 -0.2278213 
-1.096093 0.69251335 
3.610976 1.9430444 
-4.3314586 1.3531535 
-5.7345805 0.87642586 
-1.5334651 -0.90610075 
-2.042129 -2.4489837 
-0.038057886 0.037035145 
-4.5821157 0.9480833 
-2.7936444 3.1568997 
0.05706209 2.7619011 
-2.0926533 -0.18865031 
-0.56348634 -0.59130454 
2.6882668 0.49231538 
0.21713033 0.98617804 
-0.13773409 1.706847 
-1.7609496 0.83101714 
2.0673761 0.31214473 
1.5472739 -2.0211868 
-2.9493783 2.4208922 
-6.470511 -2.3801403 
-2.879887 3.422056 
1.8150214 1.9853475 
-0.19860053 -1.2111776 
-2.3561819 -0.34424427 
1.7592583 -0.8216832 
-1.0555089 -0.90086603 
1.0843165 -1.5638161 
-1.4225247 3.6616948 
-2.1140628 -1.9146725 
3.6013172 -6.2084937 
-0.8460245 0.023878634 
-2.1334915 -0.9396284 
1.1097511 -3.2148626 
-0.11464164 -0.60360736 
-0.69072443 -0.93182755 
2.3720489 3.7354465 
0.040751778 -1.102448 
-3.401276 2.3883698 
1.3513753 -1.3519726 
-2.4232335 1.7637523 
1.1798451 2.2935057 
-0.71369064 -0.6964288 
-1.2480832 2.8173482 
-2.6297936 2.1197453 
-0.8578513 0.27466565 
1.2726098 -3.3455737 
4.477773 1.8022354 
-0.67963344 -0.35453442 
-2.1248608 -1.6437376 
-1.4217819 -1.4976515 
-3.7373996 -2.9706774 
0.43881023 -4.516972 
0.51092374 -3.260827 
-1.9882919 -1.5080922 
-1.0102081 -0.50175685 
3.6760244 -4.930819 
-2.0398479 5.079887 
-0.6601708 0.45856425 
-0.53679854 -2.280175 
1.740581 -3.997034 
-3.7268634 1.3789421 
1.8313471 1.6292791 
1.9720781 -2.0209074 
-1.0855649 1.7318084 
-2.5773957 0.77800936 
-1.9950992 1.9718629 
2.4757202 -2.4729562 
-0.9861675 2.757436 
-2.931273 0.7823841 
0.34242237 0.3860909 
1.0233073 3.5493326 
-0.7918374 0.10535459 
1.6058569 2.1954632 
0.60554576 0.37579954 
2.356808 -4.5044265 
-2.842162 4.193322 
-3.3973365 2.7374487 
-2.01739 1.5945926 
-1.7074851 3.1237822 
-1.1866034 1.0601268 
-4.389576 3.954256 
-1.1143017 -0.21032701 
-1.3236933 1.7271373 
4.1807833 2.1655774 
4.1642447 0.3876738 
-1.7452297 -1.7665431 
0.2886806 2.1575215 
-3.6762588 -6.003398 
-6.0243006 -0.09173313 
4.609595 2.2030444 
-0.5970854 -1.7553325 
-1.8089466 0.7702452 
0.67643464 -3.062166 
0.012483239 -3.7081046 
-2.048949 0.04987441 
2.6626341 0.8611418 
1.5855805 -3.0305023 
-0.19571924 -1.5480804 
0.004747471 -3.4243808 
1.8690996 -0.42477864 
-4.25449 -0.36263028 
5.216323 1.0066037 
0.06347729 0.5617721 
1.2807572 -4.40388 
-2.826272 -1.4190825 
-0.40994948 3.063447 
-0.4523105 -2.1662068 
-0.436207 -1.1581359 
1.4423141 -1.9498812 
-4.080056 0.3136319 
-0.09309821 -1.5290519 
1.845923 -2.9144106 
3.2048624 -1.5771272 
-2.357265 0.8205676 
1.7446525 -2.665868 
-1.6891131 2.2635238 
-1.0149884 0.8554111 
-0.14097041 -1.3624382 
-0.886147 -2.4425242 
-1.8060718 -0.18757331 
-2.2643096 -4.583886 
-2.295437 0.899681 
-1.6421115 0.34057182 
-2.6372066 0.13498482 
0.22374946 -0.09617381 
2.3802714 -0.31526306 
0.54345167 2.3601985 
-2.4937556 -0.22901379 
-3.8765216 -3.5088332 
-0.537007 -0.92419755 
-1.908617 -3.7356894 
-1.5760756 1.9127206 
-0.23297985 -3.2761307 
-0.5429723 0.22594112 
-1.908313 3.627556 
1.4408596 -3.4192247 
-1.9673536 3.1928473 
-3.6352499 -2.0211253 
-1.0486135 -0.6586726 
-3.064968 -1.9353362 
-3.6718774 -0.626927 
-2.1458259 0.00034484267 
2.0169444 -3.2465625 
-2.534268 1.0014923 
-3.9885178 -0.99437237 
2.813872 -4.4763947 
-0.37995392 2.081471 
1.6591599 -3.713337 
0.29113144 4.0768275 
-1.7339764 -1.2924001 
2.6857653 -1.6329257 
-2.5605516 1.0491326 
1.9412469 -3.135325 
-3.0136714 0.07481206 
-1.7756058 0.96141243 
-0.8177705 -1.3490723 
1.4603558 -3.3724563 
-2.699502 2.3391457 
4.0900607 -4.8304687 
-2.9209595 1.5937331 
-2.0719416 1.153624 
-2.9773026 -0.5210914 
-2.7488818 -4.2099047 
0.07851446 -0.40539974 
-3.998995 1.0825881 
3.863122 0.45666483 
1.5663846 -2.9312475 
-2.301703 1.2253433 
-1.8893155 -1.3365971 
-2.1094341 -5.7862816 
-1.2764901 -2.390947 
-0.03058818 -0.47553205 
-1.7948337 1.3197033 
0.45681453 -3.2255344 
1.1019595 3.8697166 
2.6578028 -3.528092 
2.3409078 2.2238371 
1.6682787 1.683702 
3.9225402 -5.48086 
-0.22221236 -0.20706367 
-6.744157 1.6613951 
-0.9629766 0.2445471 
-3.8044994 -1.1948743 
-1.4088653 -0.4324922 
-0.3334254 -3.179189 
-0.52952963 3.0439782 
0.44791546 -2.997972 
-5.098073 0.6007781 
4.457593 -5.1372824 
-1.4488091 1.6353395 
-0.574131 1.2269633 
-1.5555536 -0.5740841 
1.5472739 -2.0211868 
-4.3870263 -5.123954 
0.67397547 0.10966711 
-1.1312778 1.4233284 
4.333433 0.3359267 
-0.25539002 -1.8084378 
-0.6238719 0.095686615 
-2.296922 2.2735803 
-4.70476 0.53752863 
-0.3975215 2.6664286 
-1.1853244 -2.5387082 
-4.3342094 -0.025787383 
0.9545382 0.55659556 
2.1042774 -2.2274258 
-1.3114359 0.09888966 
-0.26051468 0.16193843 
-4.040059 1.0699105 
-2.5451415 3.005664 
-1.4399998 0.102206424 
-3.2483447 0.13614573 
-5.4460535 1.5740734 
-0.6064883 2.2269368 
1.4688876 -0.8858263 
-1.4033477 4.1395264 
-0.23551287 -2.439387 
-2.1118176 1.7608745 
-1.8193989 1.8618338 
-1.3156302 5.0580955 
-2.1641731 -6.157308 
-2.3654907 -0.2782921 
-2.133709 -0.86267436 
-0.2952063 0.8305969 
-1.3661218 0.26876926 
-6.0670137 -2.19765 
0.96768373 3.9369514 
-3.021211 0.726191 
-3.1364365 1.8185647 
-1.05172 0.7270471 
-1.938282 0.5109854 
1.387543 -3.8414488 
-1.6805646 1.1210101 
3.081858 -3.1558897 
1.0341976 3.2353065 
1.4878527 -1.9375453 
-1.8237066 -1.4151672 
-0.15775533 -0.50880486 
-6.3780847 4.5947223 
0.039564423 4.933135 
0.6038301 -0.87822336 
0.37884322 2.4187605 
0.6828984 0.5796306 
-1.5448025 1.061892 
-3.2236354 -3.8127522 
-0.98869264 -1.3471458 
2.0149567 -0.61602163 
-9.723944 -3.745824 
-3.0484245 2.8349311 
-4.41648 3.6339517 
-2.6308146 -0.04471922 
-0.43651944 -3.251663 
1.5342656 -2.752553 
2.16789 -0.7324456 
-0.31860182 -0.3860163 
1.6423124 -3.572133 
0.10563116 -2.630071 
3.4596887 -4.212337 
1.4893012 -2.137662 
1.2904065 0.04726951 
2.3513134 -3.1059182 
1.9871917 -3.904521 
2.7377925 -4.992669 
3.6178687 -2.6776567 
2.7978742 -3.0344594 
1.4541559 -2.4149408 
2.2048173 -3.757433 
2.030434 -3.6432652 
0.46840596 -2.032028 
2.442136 -2.8000374 
1.3832192 -2.685524 
1.676614 -3.9756815 
1.2861942 -2.8693662 
2.5388634 -2.8308895 
-0.25350845 -0.086962834 
1.578224 -1.8618062 
2.4919195 -3.4198685 
3.6239772 -4.920678 
1.0350089 -0.78107184 
1.1852995 -2.1764872 
2.3739579 -3.505208 
0.81074727 -3.4938853 
2.475773 -2.6730065 
5.732714 -5.7259283 
2.2070465 -3.8001068 
2.19404 -3.4517665 
2.2459798 -5.1547728 
0.25304204 0.24609286 
2.2513103 -4.8044415 
2.6429074 -4.435416 
2.6221426 -3.017611 
2.5637991 -4.597367 
0.42792797 -1.9555441 
1.7880328 -1.3445953 
1.448695 -2.1858962 
1.0752512 -2.392988 
3.4564755 -4.1805496 
1.0654645 -1.7160357 
2.1359603 -2.6034908 
3.2262516 -1.9946353 
2.1094656 -2.3102105 
2.5108562 -2.8411994 
3.694685 -6.0715 
1.1555932 -2.115648 
1.3225908 -1.8073885 
0.4747568 -1.0948647 
1.0331316 -2.0863175 
-0.85110086 -2.8096929 
2.9033785 -3.864308 
2.6453476 -2.875072 
2.432085 -1.3960502 
5.417641 -7.4785557 
1.9626356 -1.647317 
-1.9944099 -2.6847985 
-2.264737 -3.8055565 
-0.16521919 -2.1709912 
0.5214651 -1.4891183 
-0.33134842 -1.6923001 
-0.66194034 -3.262091 
-1.6186187 -1.8059715 
-1.1038095 -1.6547387 
-0.52396613 -2.5683775 
-1.2943292 -4.765539 
-0.44073996 -3.2286284 
-0.9780561 -3.4183059 
-0.39015675 -2.714609 
-0.86502373 -2.6172128 
-0.24638371 -4.1368055 
-1.3005726 -3.3257964 
-1.9944099 -2.6847985 
-0.38308072 -2.9782896 
-0.78707814 -0.13182405 
0.15257674 -1.6997937 
-0.6571154 -2.6431303 
-1.2529489 -0.621945 
-1.659707 -0.7093321 
-0.67582333 -1.6667488 
-1.6395687 -2.1143932 
-0.05917463 -0.3844427 
-0.63643867 0.8001749 
-0.90286213 1.8979955 
-1.353995 1.2433474 
0.29100448 1.7973974 
-1.2666097 -0.05902327 
-1.8612325 -3.892723 
-0.044219486 -1.0133097 
-0.42539793 -1.8395299 
1.2386401 -2.0780826 
0.17177635 -2.395831 
-2.8100293 -1.2337239 
0.5541523 -3.1414728 
0.2477949 -2.0909624 
-1.397467 1.865204 
-3.7059007 1.7017438 
-2.980093 -0.11686325 
-1.2799199 1.4583105 
-8.056209 1.5776583 
-2.2747989 0.42644495 
-4.3382006 2.0180223 
-3.6033714 0.6383241 
-1.9163477 0.47879672 
-2.0581734 0.22509092 
-1.6758902 -0.76815027 
-1.8845052 0.37591237 
-3.1564946 0.26303175 
-3.6023076 0.431345 
-1.4636823 -0.38467827 
-2.06938 0.080126226 
-2.2747989 0.42644495 
-2.5530457 0.8112445 
1.423389 -1.0498353 
2.5036416 -0.60214597 
2.2352958 -0.63153344 
1.4927922 -0.6863407 
1.4433471 -0.9995333 
2.7820687 0.31260148 
1.3016547 -3.4263947 
2.7088022 -4.1432934 
5.2262363 1.5171652 
1.7753215 -1.9110218 
1.6742474 -2.9319766 
-3.4992814 -4.394994 
-4.4964614 -2.629898 
-3.5656545 -2.9478583 
0.24076751 3.0053394 
-1.0289719 1.3914338 
-0.21282604 0.8770473 
0.19787169 4.742855 
2.4369361 2.0031416 
-0.072552174 0.73143566 
0.46605867 0.9936086 
-2.1940045 1.8000343 
-0.854771 1.1215336 
0.0050221086 1.1188505 
-1.2150836 1.4639642 
-1.6371349 -1.8352314 
-0.5437846 1.9980297 
-1.2062976 0.12645772 
-0.9152545 -0.8631786 
-0.41731763 -0.34122622 
-0.22491434 -0.18335964 
-0.9322947 -0.38344002 
-0.14791586 -3.5242605 
-1.0563625 1.1456965 
-1.276475 0.16251172 
-0.8350661 -0.42349127 
-1.9659805 -1.3307998 
-0.4091453 0.3898021 
-4.890332 -0.08904916 
-0.67275786 -0.4476038 
-2.4566932 -0.72461206 
-3.33009 -1.5741979 
-1.9404519 0.12873274 
-0.98024654 0.3951616 
-1.7557178 0.4536504 
-0.7558346 0.66988736 
-1.4125758 -0.38275492 
-0.6105166 -0.89324594 
-1.1198882 -0.9863118 
-0.58730257 -0.5330846 
-2.2793853 -0.19269544 
-0.9054339 -0.36387026 
-1.2979034 -0.6816398 
-2.8461757 -1.8478624 
0.1555144 -0.8029477 
0.9945507 1.2456616 
1.4049698 1.9668772 
4.58647 2.4794688 
1.2009466 0.8138119 
1.5677238 0.2338586 
3.1660411 2.272583 
2.1568885 0.28814167 
0.17365736 -1.6957905 
1.3008314 -1.7082138 
2.3127403 -2.2655864 
-4.421345 3.402201 
-2.9972749 2.7656221 
-2.8610299 2.0919936 
-0.40291312 3.7587311 
-2.9315596 1.9721848 
-2.2526586 -0.6502173 
1.6685098 -0.89469814 
2.5593166 -0.49130088 
2.478712 0.15891163 
1.0910822 -0.052325964 
-1.2268356 -0.90501875 
-1.54969 -4.1068277 
2.96148 0.69808334 
3.6300147 0.04293868 
5.839226 0.88461006 
3.3803878 1.1329455 
-1.5289638 0.47061303 
-1.5334003 1.6390202 
-1.5377953 0.8023274 
-1.5602287 2.8777792 
-0.71200144 0.5710631 
-0.40285277 -0.50740564 
-0.6707854 0.14562294 
-1.0472542 1.8236651 
-0.18352133 2.494215 
-3.9649928 -2.586997 
-1.0115496 -1.3016349 
-0.99841577 -0.22176991 
0.004934065 -0.06427274 
-1.3801355 0.00448443 
-1.4956701 -1.6347826 
-1.3108897 0.5194087 
0.2538189 2.1475904 
-0.34705728 0.90806115 
-0.41587844 1.4197297 
-0.6771409 2.0884817 
-0.44770384 0.5965474 
-1.1275625 1.1019286 
-0.9486428 4.23379 
-3.4177613 1.0129427 
-1.9014134 2.1079993 
0.26080406 1.4665539 
-1.7510226 -0.36722568 
-1.3080821 0.17461249 
-2.947215 -1.0361373 
-1.829211 0.28358415 
-3.5519638 -0.63703173 
-1.9243021 -0.24698927 
0.058696628 0.31866455 
0.36107513 0.9770036 
-3.8198352 -0.41623294 
-2.334029 -0.9476497 
-2.6263654 -0.61414003 
-2.729941 0.6642625 
-1.3319283 -0.91498405 
-5.025651 0.6571538 
-4.435917 0.7432252 
-4.104762 1.0145682 
-3.1312852 0.012538001 
-3.5619965 1.1685925 
-3.5857387 1.2159702 
-6.851598 2.3032124 
-1.8777529 -0.7645598 
-3.9342756 -0.2334758 
3.5173674 1.7233986 
5.406631 2.398994 
6.259518 2.1157453 
4.5538406 2.0208068 
0.8796178 -0.5258777 
6.098372 3.7161307 
5.760733 1.5047126 
3.2621315 0.69639385 
3.3567648 0.057274222 
5.879729 2.1326427 
4.667246 0.8678181 
-1.2728999 1.5908667 
-1.1424098 1.249301 
-3.553998 5.1601048 
-1.6344087 2.891038 
-2.8262644 1.5337155 
-2.9728756 2.101417 
-1.7714605 1.0918795 
-1.8629494 2.3313136 
-2.219154 -3.0120437 
-1.5134902 -0.8889994 
0.5557702 1.2983005 
-0.9942731 -0.8768784 
-0.9901766 -1.5782325 
2.118597 1.4594218 
2.3020506 2.1334937 
2.0126503 1.5174013 
2.3500638 1.5050845 
1.3695561 1.6526762 
1.63481 0.8490822 
-1.6481733 2.5842655 
-3.2560894 4.259591 
-1.3667958 1.3724867 
-7.575968 -3.8742793 
-2.3495212 -1.6687615 
-0.7692269 0.3064732 
-0.9861415 -1.7703589 
-3.331578 -1.5792245 
-1.2031473 -1.1441398 
-0.34913725 -0.32884622 
-0.97431415 -0.3510374 
-1.7201369 -0.37727246 
-0.6949572 -0.5260311 
-4.864413 -0.36901116 
-1.7540697 -1.3485714 
-1.5092643 -2.1415114 
-0.16415127 -1.1555948 
-0.73464227 -1.353009 
-5.914752 4.8129115 
-3.0093024 1.4945087 
-3.0020711 1.8764228 
-2.206788 -0.81256497 
-1.0080924 -0.81545234 
-1.8430569 -2.9199636 
-0.84819627 -0.7182565 
-2.84475 -0.7516129 
-0.7584026 -0.43415457 
-1.2992349 0.37026075 
-1.6309012 0.867255 
0.27653626 1.0833726 
-0.5091031 1.3137662 
0.35056883 1.1863984 
0.42764124 1.1867566 
-0.25288555 1.013807 
1.3782201 -1.4616511 
1.801251 1.1497449 
1.53257 0.17407718 
-0.29813212 3.1690042 
-0.58231485 1.0219251 
2.185993 1.2660702 
-0.2572416 0.27678317 
1.6563742 1.7509484 
-0.94437575 -0.19339043 
-1.0068703 -2.5228448 
-2.124094 0.779556 
-0.30975944 -0.2549938 
2.6185398 0.07965592 
-1.9996543 -1.2941649 
-2.0320008 -1.4002084 
-1.8783516 0.4595102 
-2.4122033 0.4613763 
-8.24683 2.8750193 
-1.9516828 1.6273465 
-3.1314723 1.710723 
-2.294211 0.27339363 
-2.042858 1.5456414 
-3.3691633 -0.030811071 
-2.7243772 1.4035233 
-3.4688642 1.6647217 
-3.0653088 -0.56042784 
-3.9113882 1.3585982 
-3.8568544 3.2508802 
-1.2261782 -4.7863374 
-0.56567836 -2.6081495 
-1.0098467 -1.7059922 
0.33025014 -2.085779 
0.8834258 1.9804895 
-1.6932845 -2.8331077 
-0.8711996 1.1366394 
-0.50772715 1.0274302 
-0.40337288 0.82952046 
0.5461232 2.9089565 
-1.1378076 2.258152 
0.017111763 5.753714 
0.70881283 1.6252432 
-1.0426631 -2.5140688 
-0.661224 2.631831 
4.1730757 1.4605255 
2.898344 0.15974265 
3.8990579 2.9340634 
-5.3574905 -1.913819 
-3.7775311 -0.31653833 
-1.7069995 -0.24417654 
-2.5419083 -0.026262343 
-2.3020768 -0.099565566 
0.20542333 -0.5322422 
-1.9010739 -1.9227567 
-1.9010739 -1.9227567 
0.13435778 1.1713779 
-0.41645092 2.2670007 
-0.38744962 1.5509664 
1.641976 5.0383625 
-4.064748 -1.2909421 
-4.7763424 -0.8944302 
-3.9115005 -0.4480736 
-1.1690171 -1.9974933 
-0.7510666 -2.085943 
-0.51525664 -3.906059 
-1.1329445 -2.2990313 
0.1181151 -2.2558708 
0.716378 -5.5572844 
-1.158326 -1.7056628 
-0.79410607 -2.3051338 
0.7046199 -2.2951245 
0.22244984 -4.580882 
-0.5187229 -0.76742625 
-0.11745596 -1.7759032 
-0.13677737 -2.6992314 
-2.2725482 -0.6430301 
-0.00029194355 -1.3563676 
0.357914 -1.6440574 
0.45774603 -3.2207098 
-0.6332607 -4.732481 
0.5254858 -4.472022 
0.7477778 2.1933694 
1.4967021 0.91560614 
1.0392302 1.5676619 
0.37998992 -1.4215584 
-0.7640789 -1.2514219 
-0.32070857 0.48450205 
-0.091039464 0.48137888 
-0.1788499 0.23572385 
0.2223743 -0.5908748 
-0.1011232 -3.056815 
-0.16551077 -4.085884 
-0.8464482 1.1470875 
-0.66121614 -1.4039032 
-0.59658235 -1.3251249 
0.39998847 -1.2605462 
-2.50366 -2.030897 
1.6615788 -3.2303016 
-3.7173924 -1.8179111 
-2.2882528 -0.39286968 
0.31267726 0.026602224 
-2.4825082 -0.17047349 
-1.416597 -1.0354232 
-3.5300474 1.2547965 
-3.2297227 2.0804954 
-3.071458 2.7123287 
-3.378164 2.386787 
-2.8357718 1.92658 
-3.2087173 1.382919 
-2.3113694 0.8690883 
-2.5094137 0.9282274 
-1.8524344 1.3449408 
-2.6014404 1.5314348 
-3.160924 1.4963398 
-5.1031246 4.408282 
0.11193657 2.1021879 
-1.8342881 -2.3277898 
0.8811428 4.266996 
-1.5157965 -1.164495 
-1.390265 -2.2072194 
-1.1194357 2.2670465 
-0.536883 0.4826929 
-2.5981188 -1.5608889 
-4.8610883 -1.8149921 
-5.377678 -1.1471548 
-5.0150166 -1.6367176 
-3.2854443 -0.75139964 
-1.2170011 -4.0628185 
-1.8988999 -6.2808037 
-0.89299583 -3.6333036 
-5.2912483 -1.417923 
-2.4211347 0.5237987 
-5.841725 -2.1837733 
-1.121191 0.8529515 
-0.9049661 -2.5058255 
-1.8223773 0.58118546 
-0.5179175 -0.08376866 
0.40066376 0.24958903 
-1.2754183 0.2571468 
-1.4228499 0.7885215 
-0.19098905 0.7057183 
-4.2287154 -7.1412654 
-2.2354307 -5.610968 
-3.3918004 -4.6557274 
-4.959205 -5.230681 
-2.973551 -3.215596 
-1.5307522 -0.030177325 
-1.2545552 -0.8516847 
-1.7237903 -0.93242115 
-2.7181969 -0.71565497 
-4.004263 -4.1369343 
-0.7171838 -2.7129645 
1.7389176 -6.029016 
0.25611657 -5.125043 
-0.8863708 0.56815577 
-1.010779 0.70032537 
0.43915918 2.1858346 
-1.307385 -2.2721496 
-1.9953189 -3.2057824 
-2.6154807 -2.782034 
-2.9930115 -3.2095258 
-2.912545 0.14403783 
1.22828 1.5386157 
-0.11145982 1.8533263 
0.8499543 4.902473 
1.6831782 5.4267607 
1.1607858 5.3452797 
1.26772 3.57297 
3.5275583 1.3434894 
4.477773 1.8022354 
-0.9910148 1.1233852 
-2.738034 2.136488 
0.8601887 0.99718857 
-0.72212005 1.1075824 
2.362363 0.8037963 
-1.1101654 0.32266617 
-2.1308794 -1.5543866 
-0.8226533 1.2824736 
-0.8105814 0.579481 
0.62413114 -0.16710182 
2.0614514 2.5603864 
1.3670603 5.666298 
0.24568981 3.185144 
-0.14877799 1.7094406 
0.9764204 2.116504 
0.78632206 0.2967408 
1.464289 3.7224038 
1.7145227 0.005327955 
-0.74946404 -1.0847758 
-2.8765757 -0.06897774 
-1.5843533 0.0005225539 
-1.6914968 -2.694148 
0.76754 -0.9493894 
-3.5710368 -3.953452 
-0.46593922 -1.4371555 
-0.39532408 1.6024668 
-4.2670274 -1.4449925 
-3.9721415 -1.5258839 
-4.3724017 0.9862822 
-2.2406626 -1.3174882 
-4.7100434 -1.4575245 
-0.8667578 -0.27441996 
-3.8124733 -4.145397 
-0.44644338 4.26377 
2.2776413 -2.5012314 
2.5473366 -3.7967563 
-3.1957734 3.5003138 
-3.6655505 3.9614382 
-5.209838 5.4167695 
-4.046824 4.1452456 
-3.62535 3.6292853 
1.7310891 1.8937577 
0.21933861 0.13015775 
0.42935103 3.619222 
-2.4255042 0.89072126 
0.48273057 2.6517673 
-0.10007349 4.280569 
-0.10034394 3.5175002 
2.070298 1.0001733 
6.075362 2.9321215 
-4.688751 3.4822085 
-3.4225717 3.2904377 
-5.80297 4.283515 
-2.4308665 1.2425303 
-3.870974 2.369259 
-3.641151 -2.0132942 
-3.862799 -2.6003494 
-1.4121037 -0.6425071 
-1.2805355 -0.89610684 
-0.9090897 -0.40068418 
-1.9037108 0.02873303 
-4.0309987 -0.50838417 
-4.331345 1.8659925 
-2.8696935 1.8141376 
-2.262323 4.104477 
0.06303018 -1.6729951 
0.06303018 -1.6729951 
-1.2789145 1.1105789 
1.1193097 -3.1792288 
-0.097492665 -1.1266603 
-0.32227623 -0.95932287 
-0.03395875 0.027465446 
-2.1849802 0.33689785 
-2.1289825 3.3687062 
-1.4413396 3.1463661 
-2.880014 3.9852676 
-2.202491 1.6026069 
-1.4090469 3.0094995 
0.08782392 0.13456169 
0.37167448 5.1798897 
-0.97967404 1.193368 
-0.6269554 0.99060994 
-2.83949 1.9392815 
5.638162 0.89168626 
3.598107 1.1962365 
2.5538185 0.5193229 
1.0921566 0.3111197 
3.091293 -0.25947595 
0.9415588 0.07592644 
3.2649455 0.91384417 
0.59245324 0.8709423 
1.2299881 5.417143 
-1.2442727 0.40801433 
1.214979 -2.4912443 
0.31314698 1.3802761 
1.7350166 1.0834152 
-0.51360136 -0.7274881 
-2.1974764 -0.7318715 
2.5563717 0.7115325 
2.7124705 0.71452415 
3.088052 1.146282 
1.4792669 -1.0620651 
1.6393807 -1.1821966 
-2.1019719 -0.017983185 
-2.1231582 0.60679114 
-1.9113959 4.1684246 
-0.7562971 2.955614 
-1.0867543 -0.06791425 
-0.81655484 0.6766476 
-0.7309025 2.4506316 
-1.8678137 0.56069 
-0.032711267 1.5855914 
0.54506576 1.2237589 
0.35827065 1.0563766 
-0.6971083 -1.1495128 
-2.9310741 -0.6008482 
-2.1493764 1.4560057 
-3.6575074 -0.77019614 
-0.8738436 -0.23645777 
-2.8968964 0.59791553 
-3.9715123 0.25742954 
0.5097119 -1.3847504 
-3.6245832 1.4066265 
-2.0331597 1.5978941 
-0.23239814 0.35882396 
-0.6997383 3.1605115 
-0.21991357 0.8764901 
0.3532036 -0.49196622 
-0.12786199 -0.06991996 
-0.43068683 0.29723865 
-1.7727386 -0.20146608 
-3.4344661 1.2324975 
-1.0806746 -0.2557693 
-1.9708287 0.86782813 
-1.5693662 0.72256225 
-0.5424858 1.0549533 
0.3493142 -1.6252766 
0.9613734 0.4125427 
-1.4540002 -3.241089 
-2.1284375 -2.7327254 
-0.6989686 -1.007138 
-1.2475951 -2.442884 
-0.4438442 -2.0456152 
-2.5870728 -4.462106 
0.50201744 0.074578434 
-1.5159147 -3.2294261 
-0.3505953 4.6840897 
-2.291203 3.6896749 
2.1166124 -2.033973 
-5.004793 4.374708 
-4.460443 3.4668932 
-0.52422714 1.7275317 
-1.239484 -0.6018452 
-2.9128847 -1.385488 
-2.0407233 -1.1423273 
-5.214008 -2.56636 
-1.4990963 -1.8498671 
-1.499226 0.27151728 
-2.9379196 0.12574309 
-1.9693143 0.49974442 
-2.4542282 1.2334951 
-1.2746313 1.2977102 
-4.877047 3.9410517 
-1.6158113 0.84161144 
-1.3639163 2.9451718 
-2.2937186 0.9802059 
-1.7113732 0.41764432 
-2.5816529 0.5468517 
-1.1149433 -0.019176751 
0.854077 3.9469671 
1.2942567 6.0289984 
0.30106863 3.3960047 
-0.10173687 -0.103613555 
1.8871454 -5.402487 
-3.2696528 -0.26773748 
-3.0185606 -0.9950066 
-2.518774 2.4562144 
6.4259033 0.45847285 
-0.32998458 0.65284 
3.2052794 -5.30435 
2.0429995 -3.0524693 
-6.082408 0.07584382 
-3.2582796 0.23132247 
-4.4976625 -0.11811942 
-4.3953857 0.07803589 
-3.300685 -0.7221021 
-0.5679176 -2.8447 
-0.775359 -0.7787359 
3.045058 1.4981921 
3.3185496 0.7376596 
-2.7309988 2.3322842 
-0.023479432 -1.3233123 
-6.251853 3.856 
-2.9007077 1.9189073 
-2.3351645 2.444717 
-4.933561 2.7425606 
-1.0514574 -0.11940205 
-2.2985053 1.1008267 
0.041631818 2.3134146 
-0.38626245 0.11902194 
-0.22711284 0.5960234 
-2.4458485 2.560036 
-1.3007191 -1.0894551 
1.6582923 -3.1627853 
1.8690627 -2.5059707 
1.3735073 -2.5636008 
-0.055440366 -3.547678 
-3.6644766 1.719018 
-1.2953854 1.139643 
-0.3815937 0.07134456 
-1.5652747 0.16457173 
-0.03245318 0.9130004 
-3.013793 -0.020353287 
-2.0886765 1.6551576 
-1.589119 0.6541545 
-2.1641302 1.1102959 
-1.5726731 0.4454072 
-1.3033316 -0.040814653 
0.24486572 1.9328018 
2.6696115 1.291727 
-2.9845872 0.6240752 
0.80113053 -1.8212606 
0.57819355 4.2651544 
-3.1408668 0.8017304 
-1.5845287 2.1785264 
-1.5845287 2.1785264 
-0.54863745 -0.55056244 
0.66895056 -2.782133 
-1.0231357 -2.5072668 
-0.010386914 -2.98132 
-1.4199609 3.332667 
-1.6148726 3.5278883 
-0.8701011 0.9949764 
-0.029856317 1.4814419 
-1.9044337 0.40588033 
1.5919999 -1.6126709 
-0.85048825 0.01971694 
-1.995656 2.3476818 
-0.5379244 1.7995332 
0.2483298 0.612988 
-0.17767751 1.0432689 
6.063196 2.918014 
6.019482 4.1580753 
0.44956 -3.3115916 
-7.4090223 0.9644438 
1.7875278 4.388898 
1.7875278 4.388898 
1.3283937 -0.9039731 
-1.7622609 1.4805596 
-2.1146903 0.6466392 
-1.4242469 -1.4293169 
-0.1504645 0.87352324 
-0.17114466 1.0115259 
3.4749737 -4.696896 
3.7341328 -4.950932 
1.2716098 -2.3262784 
4.060047 -4.8383703 
0.0021365583 -3.4804616 
2.2523851 -3.108481 
1.5652561 -1.8833082 
2.09843 -4.7606215 
1.7459943 -3.2526093 
2.1421452 -3.4641175 
0.7085668 1.0595837 
3.117247 -4.8750916 
2.3647656 -4.922949 
3.1590497 -3.5930085 
-1.4946374 0.57214606 
-2.9234693 -3.435235 
-3.5936747 -3.1992054 
1.5043812 -0.83578426 
0.048217162 -1.2396486 
0.30730656 -0.33135316 
0.6926714 -0.8378001 
1.4603463 -1.4778318 
-1.9243267 -3.5155458 
0.05610051 -0.33822665 
-1.3084308 0.84339625 
-3.6726894 1.0548518 
-1.8751258 0.41190177 
-0.62114435 -3.2102647 
1.1171664 -2.7442117 
0.9564067 -2.7235239 
2.1054869 2.5108094 
0.84813523 1.1836771 
-2.0657923 -0.077139825 
0.84306264 -0.39427942 
-2.7237103 4.0640726 
-2.6823778 4.5693 
-3.9775138 0.15597114 
3.0909286 -3.756375 
-0.6164388 -2.5565188 
-1.3293433 -5.0014205 
-3.507701 -3.110424 
-1.1322336 0.52913463 
3.1552591 0.18301389 
-0.89701253 0.6737598 
-2.2368073 2.424033 
-1.6433089 3.2459126 
-1.3892258 -1.8303573 
-1.0945835 0.6194891 
-0.6202259 -3.8448787 
-0.3006462 -5.344999 
-1.3454375 0.9632547 
-0.8662645 2.8894835 
1.7591199 -0.029090427 
3.4861825 -3.3993487 
-2.3806665 -0.8003627 
-2.2962854 1.613793 
-4.110937 2.6480846 
-0.6213458 0.28634107 
0.07088919 -0.91065514 
-0.30929482 -0.40773544 
1.208976 2.466998 
-1.4148206 0.5386181 
-3.0395496 -0.50370103 
-2.7768078 1.1599058 
2.8593068 -3.3312736 
-2.511464 -4.5952606 
-0.7924364 -3.0073 
1.4259378 0.012460142 
1.5085416 -2.8275113 
-2.6259952 -0.63017106 
-3.1681795 -0.8383017 
-1.7700753 -1.1316582 
1.53445 0.4139297 
-1.3752778 -1.1709476 
-2.0675554 0.24175763 
1.4200212 -1.3823609 
3.2558951 -3.3099425 
0.84170383 -1.5296849 
0.5898882 -2.506578 
-2.7572086 2.695919 
-2.6179585 -0.17547582 
-3.0170908 2.6739035 
-0.20176384 -1.1647846 
2.292896 -3.4736662 
3.703342 -4.7744403 
-4.253634 2.9004884 
3.046959 -2.1545177 
-1.6833361 2.1903007 
5.3253717 1.4690288 
1.67781 0.63200676 
0.57122064 -0.7139671 
4.9961267 -5.644575 
-3.525175 -0.79064274 
0.4500103 -1.3365687 
-3.836152 2.7160292 
-1.8954259 -0.57233787 
-1.1225439 -0.32567847 
-1.7378995 1.4856553 
1.1153616 0.2417347 
-1.486226 2.3729725 
-9.991533 -6.4212437 
-6.3620987 -5.229281 
-4.4804926 -1.6603477 
-0.58937377 0.051217653 
-3.7251158 -1.3346946 
1.0100427 8.058594 
-1.1240494 2.6476076 
1.910569 -2.788569 
0.74793106 0.3653468 
-2.4918442 1.1423608 
-2.6802106 1.8284005 
-4.6174 3.051783 
-4.2741737 -2.0372927 
-4.2361636 -0.29683813 
-0.063949995 -0.6821393 
-0.09617992 -1.138768 
-1.0289694 0.24246968 
0.92724395 -2.2686472 
2.0976532 -4.0559645 
0.7886148 -1.9908882 
-2.2486186 1.6408515 
3.0889642 -0.74514574 
1.8660249 0.6365552 
-1.2136302 -4.7253137 
-2.7029147 1.4999362 
-5.7386956 1.9004024 
-4.2882433 0.16892534 
-4.510988 -0.2769847 
-3.1421993 -0.36673203 
-1.8123046 -1.7988563 
-0.5365596 1.8530533 
-0.54534155 -2.3824878 
1.9834841 -2.557725 
-1.6323282 -1.4832087 
-2.9856815 -2.970768 
-1.6487889 -2.7064342 
2.068752 2.2213206 
0.2505498 4.2006226 
-1.8290148 2.0816267 
-1.7493935 -0.09979678 
-2.1794426 1.0902715 
-1.7483807 1.2898768 
1.931328 -3.5791867 
-5.272663 -1.5893275 
2.6007237 0.8755381 
0.42302102 -0.62945646 
1.5342656 -2.752553 
-2.469658 -1.8945935 
-3.753399 2.4250164 
-1.4010862 -1.090923 
0.44057027 -0.09403505 
-0.62414575 0.39138395 
0.022538248 -2.4501503 
3.3580747 -0.19262618 
-0.358368 0.5516692 
-4.3397646 -1.0312889 
-2.8780775 1.2172123 
1.6450139 -3.0080173 
2.0745015 -4.01913 
-2.034594 -1.9736629 
-0.69534826 0.48543736 
1.3380231 2.2486863 
-0.2416237 -1.1538117 
-1.3787304 -2.0635772 
-1.3787304 -2.0635772 
-4.720218 -2.7721572 
-1.2437867 -1.9804132 
0.66768837 -1.2666655 
-0.7621484 -0.38945967 
-1.7779464 -6.7334414 
-0.039877534 -1.1065079 
-0.49466574 0.6278025 
-3.0416217 2.7847643 
2.3156736 -2.139036 
-2.0150723 -1.3078864 
5.2019873 -4.4618793 
-0.6602062 0.8475269 
5.8121853 -4.694613 
-1.0153888 0.118559524 
-0.4622736 -3.9631286 
-0.4622736 -3.9631286 
-0.02578859 -0.021200866 
5.045021 1.660814 
-2.2747264 -0.61177146 
-1.3720427 7.3130903 
-4.2589355 -1.3489964 
-3.639012 -2.6471932 
-3.639012 -2.6471932 
4.934167 -9.515926 
4.056517 -0.080506906 
-1.809164 0.67861736 
0.090666994 -0.34186652 
-4.4752846 1.3303593 
-4.8218575 -3.8711815 
-4.080056 0.3136319 
-2.4647174 -1.7427108 
-2.1808934 -1.4348818 
-2.070387 -1.900674 
-2.0730839 1.2990301 
-0.40945342 -0.22961733 
2.2192 -4.5907855 
-0.4213752 0.94765127 
1.2537979 -4.718179 
3.758788 -5.864222 
1.9069223 -3.1329303 
0.73142105 -0.55837387 
-0.74602216 1.8664862 
-4.031536 1.9711381 
-3.6532226 3.1658955 
-2.6892881 4.877136 
-0.4846992 -1.44449 
-2.2487051 -2.05718 
2.1968343 -2.7389643 
3.9648123 -4.6927776 
-0.88378155 0.4397925 
1.6117443 -1.2102615 
1.2932636 -0.65778995 
0.64261484 -1.5877028 
4.275379 -4.590755 
2.7209947 -2.8989348 
-2.3655145 -6.4928904 
-1.3156302 5.0580955 
-7.3240685 6.8607693 
-8.048884 6.5281167 
-1.909485 1.260934 
-3.8252738 -4.6316333 
-3.5658035 1.9687715 
-3.5658035 1.9687715 
-3.8141608 -1.050734 
-3.376418 -0.42520294 
0.9118619 1.2535812 
-1.7392386 0.7849255 
-2.674397 1.5861254 
-0.65394056 0.6697757 
-1.0693489 0.61786443 
-1.9188453 0.23143283 
-1.9188453 0.23143283 
-3.1691782 -2.2586422 
-0.9573349 0.7777134 
-1.5038463 1.1861093 
-1.5923932 1.9646627 
-3.1186116 -0.19813934 
-3.6974187 -0.608866 
-1.543231 1.6425391 
-1.4796991 -0.29029477 
-4.11746 1.3807034 
6.4122906 -5.661784 
-3.8375967 0.310511 
-2.8235998 -0.944876 
-3.3868985 -1.3447142 
0.29085782 -0.9535708 
-1.9615431 1.6362281 
2.0713863 -6.212226 
-0.45659247 -2.5330687 
-1.7687707 -1.5709969 
-5.6786237 3.3365152 
-5.6786237 3.3365152 
-0.54678214 0.64978564 
-3.0835552 0.7451278 
-3.0491657 -1.1546324 
-0.0957105 -0.64704984 
1.5944756 -1.0663605 
-4.2589355 -1.3489964 
-1.1004896 2.2055497 
-1.2894359 0.17435503 
2.9137251 1.15123 
-3.214873 -2.1315284 
-7.0004706 -2.673078 
-6.470511 -2.3801403 
